0.161934 -0.323864 22.956425 0.161934 -0.323864 22.956425 -516.000000 -534.000000 -529.000000
-1.791806 -2.428756 31.633661 0.322953 -0.322948 44.497898 -515.000000 -533.000000 -530.000000
-2.152901 -2.853196 37.897175 0.323866 -0.323861 44.863895 -516.000000 -534.000000 -530.000000
-2.192741 -2.916502 41.141964 0.324783 -0.324778 45.781090 -515.000000 -533.000000 -529.000000
-2.296210 -2.827883 22.054024 0.162393 -0.162392 12.825928 -516.000000 -534.000000 -529.000000
-2.333230 -2.794342 14.446844 0.162393 -0.162392 12.329001 -516.000000 -535.000000 -529.000000
-2.346572 -2.777678 11.776412 0.162393 -0.162392 12.709628 -516.000000 -534.000000 -529.000000
-2.250659 -2.770662 21.787180 0.324783 -0.162390 30.558445 -516.000000 -534.000000 -530.000000
-2.313722 -2.770291 14.338779 0.162393 -0.162392 12.322275 -516.000000 -535.000000 -530.000000
-2.337036 -2.769344 11.447857 0.162393 -0.162392 12.247066 -516.000000 -535.000000 -530.000000
-2.345070 -2.865457 16.026539 0.162393 -0.324782 21.438078 -516.000000 -534.000000 -530.000000
-2.344156 -2.901170 18.145517 0.162393 -0.324782 22.029997 -515.000000 -534.000000 -529.000000
-2.345763 -2.916728 19.456764 0.162393 -0.324782 22.844755 -516.000000 -535.000000 -530.000000
-2.345219 -2.818051 13.524834 0.162393 -0.162392 12.438695 -516.000000 -534.000000 -530.000000
-2.343758 -2.779061 10.878881 0.162393 -0.162392 11.822027 -516.000000 -534.000000 -530.000000
-2.241441 -2.762773 21.138948 0.324783 -0.162390 30.047266 -516.000000 -534.000000 -530.000000
-2.201483 -2.754776 25.274502 0.323866 -0.161932 30.394665 -516.000000 -534.000000 -530.000000
-2.184118 -2.750416 27.099407 0.324783 -0.162390 30.783697 -516.000000 -534.000000 -529.000000
-2.172843 -2.747067 27.637766 0.324783 -0.162390 30.524315 -515.000000 -534.000000 -529.000000
-2.167386 -2.843866 36.659225 0.323866 -0.323861 44.781380 -515.000000 -534.000000 -530.000000
-2.266371 -2.779105 20.347097 0.162393 -0.162392 12.825928 -516.000000 -534.000000 -529.000000
-2.302562 -2.855278 20.269127 0.161934 -0.323864 22.776384 -516.000000 -535.000000 -530.000000
-2.311378 -2.879293 20.189339 0.161934 -0.323864 22.692221 -515.000000 -534.000000 -530.000000
-2.312380 -2.886876 18.879416 0.162393 -0.324782 20.620226 -515.000000 -534.000000 -530.000000
-2.310592 -2.787075 13.705492 0.162393 -0.162392 13.056104 -515.000000 -534.000000 -529.000000
-2.307933 -2.746325 11.085604 0.161934 -0.161933 12.016919 -515.000000 -534.000000 -530.000000
-2.206844 -2.728607 21.529621 0.324783 -0.162390 30.514200 -516.000000 -534.000000 -530.000000
-2.166357 -2.719030 25.531597 0.323866 -0.161932 30.525425 -516.000000 -534.000000 -529.000000
-2.148364 -2.712756 26.240009 0.323866 -0.161932 29.200144 -516.000000 -534.000000 -530.000000
-2.135864 -2.707654 27.072773 0.323866 -0.161932 30.099604 -515.000000 -534.000000 -529.000000
-2.231593 -2.702914 16.967733 0.161934 -0.161933 13.247971 -516.000000 -534.000000 -529.000000
-2.265093 -2.698506 13.017094 0.162393 -0.162392 13.096889 -516.000000 -534.000000 -529.000000
-2.275022 -2.693854 11.101596 0.162393 -0.162392 12.440173 -516.000000 -534.000000 -530.000000
-2.272566 -2.790075 16.744774 0.162854 -0.325705 22.733122 -515.000000 -534.000000 -529.000000
-2.268887 -2.823120 18.290894 0.162393 -0.324782 21.747923 -515.000000 -534.000000 -530.000000
-2.264373 -2.732033 13.434613 0.162393 -0.162392 12.940425 -515.000000 -534.000000 -530.000000
-2.161981 -2.696943 22.310642 0.324783 -0.162390 30.271357 -516.000000 -535.000000 -529.000000
-2.116583 -2.677133 25.752264 0.324783 -0.162390 30.353334 -515.000000 -534.000000 -530.000000
-2.095895 -2.666096 27.542219 0.324783 -0.162390 31.110928 -515.000000 -534.000000 -529.000000
-2.088148 -2.658046 27.866291 0.323866 -0.161932 30.524109 -516.000000 -534.000000 -529.000000
-2.178892 -2.651343 16.851910 0.161934 -0.161933 12.521899 -515.000000 -534.000000 -529.000000
-2.209980 -2.645075 13.004930 0.161934 -0.161933 13.098229 -515.000000 -534.000000 -529.000000
-2.218204 -2.742134 16.387459 0.161934 -0.323864 20.936094 -515.000000 -535.000000 -530.000000
-2.214612 -2.775340 18.887020 0.161934 -0.323864 22.875788 -514.000000 -535.000000 -529.000000
-2.215471 -2.781070 19.276875 0.161934 -0.323864 21.961657 -516.000000 -534.000000 -530.000000
-2.211639 -2.779815 17.481064 0.162393 -0.324782 18.813581 -516.000000 -534.000000 -530.000000
-2.105703 -2.674726 23.723885 0.324783 -0.162390 29.994995 -516.000000 -534.000000 -529.000000
-2.061221 -2.630426 25.459476 0.324783 -0.162390 28.939850 -516.000000 -534.000000 -529.000000
-2.040144 -2.609278 26.671310 0.324783 -0.162390 29.819683 -516.000000 -534.000000 -529.000000
-2.027942 -2.596904 27.376453 0.324783 -0.162390 30.208969 -516.000000 -534.000000 -530.000000
-2.019063 -2.587812 27.738342 0.324783 -0.162390 30.351463 -516.000000 -534.000000 -530.000000
-2.109206 -2.579624 16.892050 0.161934 -0.161933 12.598018 -515.000000 -534.000000 -529.000000
-2.139018 -2.672828 17.643822 0.162393 -0.324782 20.501358 -515.000000 -534.000000 -530.000000
-2.143279 -2.703298 18.928751 0.161934 -0.323864 22.105438 -514.000000 -534.000000 -530.000000
-2.146470 -2.710309 19.270769 0.161934 -0.323864 21.852827 -516.000000 -534.000000 -529.000000
-2.039307 -2.708862 33.668671 0.324783 -0.324778 44.885868 -515.000000 -534.000000 -529.000000
-1.993789 -2.602999 29.636822 0.324783 -0.162390 29.490786 -515.000000 -534.000000 -530.000000
-1.971761 -2.557748 27.716219 0.324783 -0.162390 28.868702 -515.000000 -534.000000 -530.000000
-2.062506 -2.535307 16.453171 0.161934 -0.161933 11.858364 -516.000000 -534.000000 -530.000000
-2.089113 -2.522089 12.214530 0.162393 -0.162392 11.948409 -515.000000 -534.000000 -529.000000
-2.097474 -2.512054 10.061204 0.162393 -0.162392 11.082627 -516.000000 -534.000000 -530.000000
-2.096079 -2.603184 14.803072 0.161934 -0.323864 20.058865 -516.000000 -534.000000 -530.000000
-1.986750 -2.532886 23.137482 0.324783 -0.162390 30.577761 -515.000000 -534.000000 -529.000000
-1.943596 -2.500599 26.517561 0.323866 -0.161932 30.891575 -516.000000 -534.000000 -530.000000
-1.919643 -2.482781 27.205038 0.322953 -0.161475 29.908688 -515.000000 -534.000000 -530.000000
-1.904863 -2.471004 28.067194 0.323866 -0.161932 30.868244 -515.000000 -534.000000 -530.000000
-1.894104 -2.461203 28.178520 0.323866 -0.161932 30.503012 -515.000000 -534.000000 -529.000000
-1.988149 -2.455115 16.651709 0.161934 -0.161933 11.822700 -516.000000 -535.000000 -530.000000
-2.015849 -2.444374 12.191647 0.161934 -0.161933 11.717148 -515.000000 -534.000000 -529.000000
-2.023901 -2.535709 16.919853 0.162393 -0.324782 22.095743 -516.000000 -534.000000 -530.000000
-2.021671 -2.467513 11.680872 0.162393 -0.162392 10.710009 -516.000000 -535.000000 -529.000000
-1.914866 -2.435916 22.171841 0.324783 -0.162390 30.865143 -516.000000 -535.000000 -529.000000
-1.869249 -2.414971 25.470865 0.323866 -0.161932 29.717741 -516.000000 -534.000000 -530.000000
-1.846396 -2.401353 27.694151 0.323866 -0.161932 31.258440 -516.000000 -534.000000 -529.000000
-1.829195 -2.390495 27.539597 0.323866 -0.161932 29.634163 -515.000000 -534.000000 -530.000000
-1.920470 -2.383659 17.526855 0.161934 -0.161933 13.560295 -516.000000 -535.000000 -530.000000
-1.946790 -2.472632 18.621075 0.161934 -0.323864 21.489752 -515.000000 -534.000000 -530.000000
-1.951281 -2.400512 12.191580 0.161934 -0.161933 10.424749 -515.000000 -534.000000 -529.000000
-1.950403 -2.467499 14.971076 0.161934 -0.323864 18.864450 -516.000000 -534.000000 -529.000000
-1.941419 -2.487248 15.728745 0.161934 -0.323864 18.364378 -515.000000 -534.000000 -529.000000
-1.935046 -2.489488 17.479553 0.162393 -0.324782 20.718079 -516.000000 -534.000000 -530.000000
-1.926905 -2.386811 12.286066 0.162393 -0.162392 11.243854 -516.000000 -535.000000 -529.000000
-1.814420 -2.338638 21.546396 0.324783 -0.162390 29.378363 -515.000000 -534.000000 -529.000000
-1.769275 -2.313989 25.075722 0.323866 -0.161932 29.356005 -516.000000 -534.000000 -529.000000
-1.743237 -2.298583 26.199369 0.323866 -0.161932 28.989101 -515.000000 -534.000000 -530.000000
-1.730491 -2.286680 26.942986 0.323866 -0.161932 29.481976 -516.000000 -534.000000 -529.000000
-1.719212 -2.279377 27.219688 0.324783 -0.162390 29.465387 -516.000000 -535.000000 -530.000000
-1.806682 -2.264498 16.368420 0.162393 -0.162392 11.777335 -515.000000 -533.000000 -530.000000
-1.834218 -2.356389 17.880287 0.162393 -0.324782 20.894272 -515.000000 -534.000000 -530.000000
-1.841842 -2.388376 18.606220 0.162393 -0.324782 21.119053 -516.000000 -535.000000 -529.000000
-1.839105 -2.390870 19.451569 0.161934 -0.323864 22.025667 -516.000000 -534.000000 -529.000000
-1.728728 -2.388663 34.749378 0.323866 -0.323861 46.174545 -515.000000 -535.000000 -529.000000
-1.680609 -2.281252 30.640205 0.323866 -0.161932 30.108845 -515.000000 -535.000000 -529.000000
-1.759636 -2.231009 18.503849 0.161934 -0.161933 13.057621 -516.000000 -534.000000 -530.000000
-1.783816 -2.208607 13.782511 0.161934 -0.161933 12.904867 -516.000000 -535.000000 -529.000000
-1.784026 -2.190802 11.505811 0.161934 -0.161933 12.136238 -515.000000 -534.000000 -530.000000
-1.781085 -2.180758 10.716778 0.161934 -0.161933 12.251291 -516.000000 -535.000000 -529.000000
-1.670520 -2.167642 21.085146 0.323866 -0.161932 29.452045 -515.000000 -534.000000 -529.000000
-1.622237 -2.153357 25.729057 0.323866 -0.161932 30.549219 -515.000000 -533.000000 -530.000000
-1.597733 -2.144632 27.468527 0.323866 -0.161932 30.478886 -515.000000 -534.000000 -529.000000
-1.682979 -2.134721 16.530807 0.161478 -0.161477 11.755259 -515.000000 -534.000000 -529.000000
-1.611780 -2.228306 32.239567 0.323866 -0.323861 43.820652 -516.000000 -535.000000 -529.000000
-1.678876 -2.257722 23.684067 0.161934 -0.323864 20.338697 -516.000000 -535.000000 -530.000000
-1.698389 -2.159212 15.865068 0.161934 -0.161933 12.983747 -516.000000 -534.000000 -529.000000
-1.699718 -2.115249 12.717514 0.161934 -0.161933 12.714090 -516.000000 -534.000000 -529.000000
-1.691094 -2.192521 17.528576 0.161934 -0.323864 22.406845 -515.000000 -534.000000 -530.000000
-1.684681 -2.218692 18.564705 0.161934 -0.323864 21.103861 -516.000000 -535.000000 -530.000000
-1.676089 -2.219317 20.140053 0.161934 -0.323864 22.991100 -516.000000 -534.000000 -529.000000
-1.565681 -2.113071 25.832626 0.324783 -0.162390 31.190777 -516.000000 -534.000000 -529.000000
-1.514928 -2.065843 27.827656 0.323866 -0.161932 30.891386 -515.000000 -534.000000 -529.000000
-1.488839 -2.041726 28.440117 0.324783 -0.162390 30.640110 -515.000000 -534.000000 -529.000000
-1.472739 -2.029152 28.677284 0.324783 -0.162390 30.640110 -515.000000 -535.000000 -530.000000
-1.460454 -2.017969 27.935688 0.324783 -0.162390 29.288115 -515.000000 -535.000000 -530.000000
-1.550332 -2.004317 17.473467 0.162393 -0.162392 12.864333 -515.000000 -534.000000 -530.000000
-1.581529 -2.096447 18.649153 0.162393 -0.324782 21.198690 -516.000000 -535.000000 -531.000000
-1.584577 -2.121690 19.051796 0.161934 -0.323864 21.103861 -515.000000 -534.000000 -529.000000
-1.582892 -2.124406 18.915339 0.161478 -0.322952 20.630476 -516.000000 -534.000000 -530.000000
-1.572818 -2.019222 14.386634 0.161934 -0.161933 13.402230 -515.000000 -534.000000 -530.000000
-1.465413 -1.972691 23.384579 0.323866 -0.161932 30.684217 -516.000000 -534.000000 -529.000000
-1.418249 -1.948569 26.606346 0.323866 -0.161932 30.331934 -516.000000 -534.000000 -530.000000
-1.390532 -1.933296 27.574276 0.324783 -0.162390 29.893480 -515.000000 -534.000000 -529.000000
-1.376836 -1.921126 28.181574 0.324783 -0.162390 30.271357 -516.000000 -534.000000 -530.000000
-1.466207 -1.910149 17.408821 0.162393 -0.162392 12.518973 -516.000000 -534.000000 -530.000000
-1.491230 -2.000357 18.446327 0.162393 -0.324782 20.815632 -515.000000 -534.000000 -530.000000
-1.497698 -2.028498 19.837242 0.162393 -0.324782 22.404127 -516.000000 -534.000000 -529.000000
-1.494070 -2.032939 20.546709 0.162393 -0.324782 22.686102 -516.000000 -534.000000 -530.000000
-1.483593 -2.028336 20.653292 0.162393 -0.324782 22.410934 -515.000000 -534.000000 -530.000000
-1.476528 -2.020288 19.817802 0.162393 -0.324782 20.983475 -516.000000 -534.000000 -529.000000
-1.464758 -2.010935 19.276581 0.162393 -0.324782 20.620226 -515.000000 -534.000000 -530.000000
-1.356485 -1.900359 24.839361 0.324783 -0.162390 29.906134 -516.000000 -534.000000 -529.000000
-1.309649 -1.851583 27.400639 0.323866 -0.161932 30.604612 -516.000000 -534.000000 -530.000000
-1.382892 -1.826994 17.974283 0.162393 -0.162392 13.822234 -515.000000 -534.000000 -530.000000
-1.304123 -1.811371 24.890450 0.324783 -0.162390 30.765123 -515.000000 -534.000000 -530.000000
-1.271042 -1.799187 28.031845 0.324783 -0.162390 31.560581 -516.000000 -534.000000 -530.000000
-1.353435 -1.888505 22.925642 0.161934 -0.323864 21.385689 -516.000000 -534.000000 -530.000000
-1.378921 -1.916431 20.823969 0.161934 -0.323864 21.127188 -516.000000 -534.000000 -529.000000
-1.382685 -1.923922 19.651287 0.161934 -0.323864 20.521076 -516.000000 -535.000000 -529.000000
-1.378166 -1.917605 19.693901 0.161934 -0.323864 21.306726 -516.000000 -534.000000 -530.000000
-1.367499 -1.909048 19.360147 0.161934 -0.323864 20.732645 -515.000000 -534.000000 -530.000000
-1.256484 -1.799469 24.776360 0.324783 -0.162390 29.658239 -515.000000 -534.000000 -530.000000
-1.208758 -1.751218 26.976515 0.323866 -0.161932 29.855341 -515.000000 -534.000000 -529.000000
-1.184086 -1.726979 27.675323 0.324783 -0.162390 29.622364 -515.000000 -534.000000 -530.000000
-1.171805 -1.711645 28.071083 0.324783 -0.162390 29.815599 -516.000000 -534.000000 -529.000000
-1.261725 -1.700019 16.987968 0.162854 -0.162854 11.704226 -516.000000 -534.000000 -530.000000
-1.287233 -1.689539 12.858406 0.162854 -0.162854 11.857025 -515.000000 -534.000000 -529.000000
-1.291458 -1.776989 15.382501 0.162393 -0.324782 18.462336 -515.000000 -533.000000 -530.000000
-1.290284 -1.807407 17.202482 0.162393 -0.324782 19.827080 -516.000000 -534.000000 -529.000000
-1.281335 -1.812473 19.387777 0.161934 -0.323864 22.218960 -515.000000 -534.000000 -529.000000
-1.275167 -1.808444 19.367290 0.161934 -0.323864 20.831106 -516.000000 -534.000000 -529.000000
-1.264065 -1.703482 12.874464 0.161934 -0.161933 10.370266 -515.000000 -535.000000 -529.000000
-1.254116 -1.657449 10.912635 0.161934 -0.161933 11.200621 -515.000000 -535.000000 -530.000000
-1.247340 -1.631232 10.116713 0.162393 -0.162392 11.111030 -516.000000 -534.000000 -529.000000
-1.236066 -1.615340 10.259888 0.162393 -0.162392 11.822027 -515.000000 -534.000000 -529.000000
-1.229110 -1.603412 10.678507 0.162393 -0.162392 12.403705 -516.000000 -534.000000 -530.000000
-1.220808 -1.593021 10.151040 0.162393 -0.162392 11.281547 -516.000000 -534.000000 -529.000000
-1.209299 -1.680442 15.348936 0.161934 -0.323864 19.973045 -515.000000 -533.000000 -529.000000
-1.199320 -1.711060 17.510302 0.161934 -0.323864 20.251972 -515.000000 -534.000000 -530.000000
-1.189947 -1.716985 20.687960 0.161934 -0.323864 24.028091 -515.000000 -534.000000 -529.000000
-1.180543 -1.714070 20.260990 0.162393 -0.324782 21.374954 -515.000000 -534.000000 -529.000000
-1.171435 -1.704235 20.689320 0.162393 -0.324782 22.323660 -515.000000 -533.000000 -530.000000
-1.165459 -1.597020 15.105591 0.162393 -0.162392 13.053223 -516.000000 -534.000000 -530.000000
-1.154688 -1.550391 12.935199 0.162393 -0.162392 12.978593 -515.000000 -534.000000 -529.000000
-1.145126 -1.526929 12.279157 0.162393 -0.162392 13.248094 -515.000000 -534.000000 -529.000000
-1.136049 -1.512341 12.381300 0.162393 -0.162392 13.807252 -515.000000 -534.000000 -529.000000
-1.130462 -1.503879 11.367440 0.161934 -0.161933 12.101535 -516.000000 -535.000000 -529.000000
-1.122930 -1.492052 11.414001 0.161934 -0.161933 12.791404 -516.000000 -534.000000 -529.000000
-1.011185 -1.481980 22.211018 0.323866 -0.161932 30.150942 -515.000000 -534.000000 -529.000000
-0.963741 -1.572536 35.324387 0.322953 -0.322948 44.631279 -515.000000 -534.000000 -530.000000
-0.942747 -1.602187 40.322594 0.323866 -0.323861 44.605640 -516.000000 -534.000000 -530.000000
-1.026932 -1.611032 27.668964 0.161934 -0.323864 21.128132 -515.000000 -535.000000 -529.000000
-1.057113 -1.505155 17.428476 0.161478 -0.161477 12.407310 -516.000000 -534.000000 -529.000000
-1.062821 -1.560640 18.711746 0.162393 -0.324782 20.768602 -516.000000 -534.000000 -529.000000
-1.056778 -1.475643 13.581384 0.162393 -0.162392 11.704024 -515.000000 -534.000000 -529.000000
-1.052570 -1.437518 11.848609 0.161934 -0.161933 12.065584 -516.000000 -534.000000 -530.000000
-1.045785 -1.417606 11.693434 0.161934 -0.161933 12.868297 -516.000000 -534.000000 -529.000000
-1.034760 -1.404962 10.793400 0.162393 -0.162392 11.509751 -515.000000 -534.000000 -530.000000
-0.927649 -1.394835 21.700033 0.324783 -0.162390 29.622364 -516.000000 -534.000000 -529.000000
-0.982713 -1.385414 13.714499 0.161934 -0.161933 10.040932 -516.000000 -534.000000 -530.000000
-0.998387 -1.376856 11.920720 0.162393 -0.162392 12.051793 -516.000000 -534.000000 -529.000000
-0.996327 -1.469164 16.595798 0.162393 -0.324782 20.679203 -515.000000 -534.000000 -529.000000
-0.993534 -1.398437 12.595629 0.162393 -0.162392 11.349101 -516.000000 -534.000000 -529.000000
-0.984758 -1.365972 11.298000 0.161934 -0.161933 11.711674 -515.000000 -534.000000 -529.000000
-0.976169 -1.348720 10.660983 0.162393 -0.162392 11.475451 -515.000000 -534.000000 -529.000000
-0.968248 -1.336736 11.168182 0.161934 -0.161933 12.676140 -515.000000 -534.000000 -529.000000
-0.963035 -1.327360 11.361048 0.162393 -0.162392 12.671181 -516.000000 -534.000000 -530.000000
-0.953153 -1.419521 17.286097 0.162393 -0.324782 22.084806 -515.000000 -534.000000 -529.000000
-0.947527 -1.348894 14.185167 0.162393 -0.162392 13.439780 -516.000000 -534.000000 -530.000000
-0.940536 -1.316915 12.770639 0.162393 -0.162392 13.056104 -516.000000 -534.000000 -529.000000
-0.829823 -1.299440 22.114338 0.323866 -0.161932 28.975964 -515.000000 -534.000000 -530.000000
-0.886281 -1.287818 15.597035 0.161934 -0.161933 12.714301 -516.000000 -534.000000 -529.000000
-0.900087 -1.278460 13.084806 0.161934 -0.161933 12.674358 -515.000000 -534.000000 -530.000000
-0.903924 -1.269709 11.731983 0.161478 -0.161477 12.027987 -516.000000 -534.000000 -529.000000
-0.900397 -1.261785 11.101484 0.161934 -0.161933 11.836697 -516.000000 -534.000000 -529.000000
-0.891369 -1.256916 11.669432 0.161934 -0.161933 13.136429 -515.000000 -535.000000 -530.000000
-0.885996 -1.250510 11.245821 0.162393 -0.162392 12.091752 -516.000000 -535.000000 -529.000000
-0.876316 -1.240262 11.589373 0.162393 -0.162392 12.902773 -515.000000 -534.000000 -530.000000
-0.867749 -1.231878 11.989846 0.162854 -0.162854 13.323805 -515.000000 -534.000000 -529.000000
-0.860206 -1.223662 11.313287 0.162393 -0.162392 11.979727 -515.000000 -534.000000 -529.000000
-0.852795 -1.218818 11.227252 0.162393 -0.162392 12.249664 -515.000000 -535.000000 -529.000000
-0.848455 -1.209277 10.650746 0.162393 -0.162392 11.366195 -516.000000 -534.000000 -529.000000
-0.842583 -1.301226 15.595603 0.161934 -0.323864 19.678789 -516.000000 -534.000000 -529.000000
-0.835867 -1.231202 12.996970 0.161934 -0.161933 12.442681 -516.000000 -534.000000 -529.000000
-0.828855 -1.199863 11.797275 0.161934 -0.161933 12.101535 -516.000000 -534.000000 -529.000000
-0.821472 -1.183614 11.269379 0.162393 -0.162392 11.981811 -516.000000 -534.000000 -529.000000
-0.811547 -1.175581 11.717488 0.161934 -0.161933 13.020955 -515.000000 -535.000000 -529.000000
-0.702314 -1.168265 23.047899 0.324783 -0.162390 30.989182 -515.000000 -535.000000 -529.000000
-0.656843 -1.160681 26.626606 0.323866 -0.161932 29.780268 -515.000000 -535.000000 -530.000000
-0.738708 -1.153309 17.547268 0.161934 -0.161933 12.946351 -516.000000 -535.000000 -530.000000
-0.662166 -1.143047 25.164730 0.323866 -0.161932 30.790884 -515.000000 -534.000000 -529.000000
-0.628691 -1.137723 27.499870 0.323866 -0.161932 29.863520 -515.000000 -535.000000 -530.000000
-0.715217 -1.128299 17.371113 0.161934 -0.161933 12.099942 -516.000000 -534.000000 -529.000000
-0.743773 -1.224449 20.297117 0.162393 -0.324782 23.042759 -516.000000 -535.000000 -530.000000
-0.747785 -1.152736 14.887903 0.161934 -0.161933 12.522608 -515.000000 -534.000000 -530.000000
-0.747892 -1.121336 12.654259 0.162393 -0.162392 12.245757 -516.000000 -534.000000 -530.000000
-0.740805 -1.105077 11.194341 0.162393 -0.162392 11.256557 -515.000000 -534.000000 -529.000000
-0.737008 -1.094627 10.607071 0.162393 -0.162392 11.201799 -516.000000 -534.000000 -529.000000
-0.728481 -1.086424 10.389832 0.162393 -0.162392 11.206193 -515.000000 -534.000000 -529.000000
-0.620373 -1.079104 21.830975 0.324783 -0.162390 29.761478 -515.000000 -534.000000 -529.000000
-0.575074 -1.072150 26.839855 0.324783 -0.162390 30.783792 -515.000000 -534.000000 -529.000000
-0.657606 -1.166180 23.244339 0.162393 -0.324782 21.909273 -516.000000 -534.000000 -530.000000
-0.682157 -1.094175 16.740280 0.162393 -0.162392 13.633944 -515.000000 -533.000000 -529.000000
-0.687604 -1.065609 14.255792 0.162393 -0.162392 13.627087 -515.000000 -534.000000 -529.000000
-0.686064 -1.150894 17.946018 0.161934 -0.323864 21.092808 -515.000000 -534.000000 -529.000000
-0.581059 -1.078904 25.025360 0.323866 -0.161932 30.218615 -515.000000 -534.000000 -529.000000
-0.534102 -1.047404 27.831287 0.323866 -0.161932 30.376499 -514.000000 -534.000000 -529.000000
-0.515356 -1.031397 28.813557 0.323866 -0.161932 30.231117 -515.000000 -534.000000 -530.000000
-0.504393 -1.021334 29.046955 0.323866 -0.161932 29.991894 -515.000000 -534.000000 -529.000000
-0.496428 -1.016562 29.303925 0.323866 -0.161932 30.256258 -515.000000 -535.000000 -529.000000
-0.593166 -1.108363 24.578634 0.161934 -0.323864 22.486300 -516.000000 -534.000000 -530.000000
-0.626364 -1.139554 21.516142 0.161934 -0.323864 20.449888 -516.000000 -534.000000 -529.000000
-0.632037 -1.148189 19.513685 0.162393 -0.324782 19.102650 -515.000000 -534.000000 -529.000000
-0.630806 -1.150089 18.976568 0.161934 -0.323864 19.468197 -515.000000 -535.000000 -530.000000
-0.626394 -1.144568 18.953568 0.162393 -0.324782 19.755474 -515.000000 -534.000000 -530.000000
-0.621076 -1.040857 13.628653 0.162393 -0.162392 11.187125 -515.000000 -535.000000 -530.000000
-0.618431 -0.994480 12.019357 0.162393 -0.162392 11.860010 -516.000000 -534.000000 -529.000000
-0.512416 -0.973332 23.103004 0.325706 -0.162852 30.695282 -516.000000 -534.000000 -529.000000
-0.465346 -0.961559 27.195700 0.325706 -0.162852 30.467449 -515.000000 -534.000000 -530.000000
-0.548228 -0.953108 17.955647 0.162393 -0.162392 13.057190 -516.000000 -534.000000 -529.000000
-0.573358 -0.946236 14.282834 0.162393 -0.162392 12.825121 -515.000000 -534.000000 -530.000000
-0.579469 -0.939991 12.978961 0.162393 -0.162392 12.978593 -515.000000 -534.000000 -530.000000
-0.578623 -0.933726 11.744972 0.161934 -0.161933 11.787276 -515.000000 -534.000000 -530.000000
-0.577854 -0.927762 12.044884 0.161934 -0.161933 13.018610 -516.000000 -534.000000 -529.000000
-0.571126 -0.921938 12.398556 0.161934 -0.161933 13.397810 -515.000000 -534.000000 -529.000000
-0.464618 -0.916190 22.664425 0.323866 -0.161932 29.713055 -515.000000 -534.000000 -530.000000
-0.421134 -0.910213 26.796581 0.322953 -0.161475 30.047316 -515.000000 -534.000000 -530.000000
-0.401180 -0.904456 28.229881 0.322953 -0.161475 29.808403 -515.000000 -534.000000 -530.000000
-0.395661 -0.899091 29.135727 0.323866 -0.161932 30.380352 -517.000000 -534.000000 -530.000000
-0.487759 -0.893617 18.087086 0.161934 -0.161933 12.018771 -516.000000 -534.000000 -529.000000
-0.516642 -0.988668 20.439240 0.161934 -0.323864 22.598310 -515.000000 -534.000000 -529.000000
-0.527415 -0.921048 14.366350 0.161934 -0.161933 11.365375 -516.000000 -534.000000 -529.000000
-0.525279 -0.891864 12.455863 0.161934 -0.161933 12.018771 -515.000000 -534.000000 -529.000000
-0.521253 -0.874390 12.301976 0.161934 -0.161933 12.945454 -515.000000 -533.000000 -530.000000
-0.516527 -0.867424 12.574425 0.161934 -0.161933 13.468513 -515.000000 -534.000000 -529.000000
-0.514267 -0.861762 12.020214 0.162393 -0.162392 12.402865 -516.000000 -534.000000 -529.000000
-0.510237 -0.856336 11.522079 0.162393 -0.162392 11.936076 -516.000000 -534.000000 -529.000000
-0.401728 -0.851023 22.886196 0.324783 -0.162390 30.539072 -515.000000 -534.000000 -529.000000
-0.357184 -0.845776 27.370138 0.324783 -0.162390 30.764784 -515.000000 -534.000000 -529.000000
-0.437928 -0.941411 23.008793 0.162393 -0.324782 20.977715 -515.000000 -534.000000 -529.000000
-0.465715 -0.974766 21.579123 0.162393 -0.324782 21.358011 -515.000000 -534.000000 -530.000000
-0.476290 -0.886516 15.931178 0.162393 -0.162392 13.131698 -516.000000 -535.000000 -529.000000
-0.477579 -0.846378 13.900187 0.161934 -0.161933 13.330021 -516.000000 -534.000000 -529.000000
-0.471778 -0.828226 12.861639 0.162393 -0.162392 12.901667 -515.000000 -534.000000 -529.000000
-0.469872 -0.820919 11.827132 0.161934 -0.161933 11.874146 -516.000000 -535.000000 -530.000000
-0.462893 -0.812335 12.553729 0.162393 -0.162392 13.675498 -515.000000 -534.000000 -530.000000
-0.356467 -0.806016 23.022449 0.324783 -0.162390 30.078176 -515.000000 -534.000000 -529.000000
-0.413746 -0.800587 16.024572 0.162393 -0.162392 12.363901 -515.000000 -534.000000 -529.000000
-0.435734 -0.795518 13.402492 0.162393 -0.162392 12.440906 -516.000000 -534.000000 -529.000000
-0.441245 -0.894436 17.125090 0.162393 -0.324782 20.048820 -516.000000 -535.000000 -530.000000
-0.437774 -0.828122 13.495927 0.161934 -0.161933 11.909478 -515.000000 -535.000000 -530.000000
-0.433625 -0.796843 12.374542 0.161934 -0.161933 12.331051 -515.000000 -534.000000 -530.000000
-0.432514 -0.881969 16.635685 0.161478 -0.322952 19.878292 -516.000000 -534.000000 -530.000000
-0.429001 -0.811609 14.172408 0.161934 -0.161933 13.280592 -516.000000 -534.000000 -529.000000
-0.424874 -0.781865 12.812301 0.161934 -0.161933 12.600702 -516.000000 -534.000000 -529.000000
-0.319980 -0.767655 23.341879 0.323866 -0.161932 30.394665 -516.000000 -534.000000 -530.000000
-0.377723 -0.762396 16.099688 0.161934 -0.161933 12.250134 -516.000000 -535.000000 -530.000000
-0.393775 -0.754848 13.955809 0.162393 -0.162392 13.242988 -515.000000 -534.000000 -529.000000
-0.399931 -0.749466 13.351798 0.162854 -0.162854 13.584400 -516.000000 -534.000000 -529.000000
-0.399883 -0.744358 12.652725 0.162393 -0.162392 12.825522 -516.000000 -534.000000 -529.000000
-0.397198 -0.739662 11.814081 0.162393 -0.162392 11.900362 -516.000000 -534.000000 -529.000000
-0.393525 -0.735143 11.975316 0.162393 -0.162392 12.671285 -516.000000 -534.000000 -529.000000
-0.389778 -0.830978 17.345470 0.161934 -0.323864 21.215744 -516.000000 -534.000000 -529.000000
-0.382459 -0.865465 19.731251 0.162393 -0.324782 21.750216 -515.000000 -534.000000 -529.000000
-0.075734 -0.674293 32.002609 0.647711 -0.000000 40.040417 -515.000000 -534.000000 -529.000000
2.748036 -0.097802 5.079470 5.007199 0.806533 -10.811098 -516.000000 -534.000000 -541.000000
0.920930 -2.184220 -97.539474 0.323866 -2.912268 -159.489578 -516.000000 -534.000000 -546.000000
-0.978195 -1.666834 -101.586548 -1.609825 -0.804754 -102.893471 -517.000000 -533.000000 -546.000000
-2.696517 -1.365103 34.257927 -3.208122 -0.641263 118.331818 -518.000000 -533.000000 -542.000000
-4.318501 -2.027862 115.631836 -4.752916 -1.898295 165.798157 -521.000000 -533.000000 -539.000000
-4.756018 -2.082254 135.724640 -4.449641 -1.587156 148.071655 -524.000000 -532.000000 -533.000000
-3.939740 -1.308914 27.332787 -2.855937 -0.317192 -38.870117 -527.000000 -531.000000 -527.000000
-1.763463 -1.108867 34.060036 0.156625 -0.469863 38.627918 -530.000000 -532.000000 -526.000000
-1.517286 -1.506257 -72.266144 -0.785223 -1.256116 -136.735077 -531.000000 -528.000000 -527.000000
-1.506877 -0.863702 -60.515312 -0.905054 -0.000000 -52.421558 -535.000000 -524.000000 -526.000000
-3.886036 -0.231651 -9.675285 -4.728103 0.609363 22.206108 -539.000000 -522.000000 -524.000000
-5.740094 0.671498 -10.208697 -6.226247 1.666704 -9.948888 -545.000000 -521.000000 -520.000000
-6.349720 1.493072 -43.957191 -6.043629 2.411552 -63.997299 -551.000000 -517.000000 -515.000000
-5.803953 1.363006 -41.425747 -4.766058 1.688745 -39.191494 -557.000000 -516.000000 -510.000000
-4.854475 1.136625 -17.475101 -3.558857 1.391428 -2.198740 -561.000000 -514.000000 -507.000000
-3.641717 0.460799 -21.112049 -2.185719 0.468244 -22.796705 -563.000000 -520.000000 -506.000000
1.968704 -5.332170 -115.690384 6.020555 -8.385448 -172.817001 -547.000000 -533.000000 -517.000000
7.383050 -8.170057 33.036476 11.144210 -9.386511 124.975754 -518.000000 -535.000000 -542.000000
3.542659 -8.306262 103.575356 1.548943 -7.835405 147.131958 -502.000000 -541.000000 -552.000000
-0.624178 -6.670828 44.896030 -2.835548 -5.088499 9.242323 -495.000000 -548.000000 -551.000000
-1.508925 -4.803330 94.576469 -1.685539 -3.086723 125.316727 -498.000000 -549.000000 -547.000000
-1.440843 -3.775078 135.765442 -1.005596 -2.583934 161.061951 -504.000000 -549.000000 -542.000000
-1.061623 -2.873202 -51.008713 -0.439824 -1.758726 -165.055832 -504.000000 -551.000000 -540.000000
0.002371 -2.539905 82.321823 1.042155 -1.785875 164.536240 -505.000000 -550.000000 -541.000000
0.217367 -2.404332 136.259155 0.740590 -1.776797 169.391479 -507.000000 -550.000000 -543.000000
-0.343612 -2.608543 -57.845215 -0.293219 -2.198056 -176.361115 -508.000000 -549.000000 -543.000000
-0.646576 -3.384188 65.495758 -0.434271 -3.325642 141.637085 -509.000000 -549.000000 -541.000000
-0.138309 -4.048230 -20.692345 0.581958 -3.922019 -73.028938 -512.000000 -549.000000 -540.000000
0.607675 -4.606837 -39.704044 1.477117 -4.422070 -50.645569 -514.000000 -548.000000 -538.000000
2.193302 -5.209239 -8.961832 3.578148 -5.052628 10.538480 -516.000000 -548.000000 -536.000000
3.068338 -5.737446 -6.379862 4.013612 -5.478899 -4.217489 -517.000000 -560.000000 -536.000000
3.397289 -6.064754 -11.704679 3.982679 -5.728982 -14.384840 -513.000000 -551.000000 -536.000000
3.534552 -6.205419 -14.897917 4.003248 -5.758324 -16.256392 -514.000000 -551.000000 -536.000000
3.291587 -6.204209 -7.765294 3.505309 -5.673975 -2.806190 -510.000000 -551.000000 -537.000000
2.936126 -5.927937 -1.089101 3.060249 -5.229098 3.562754 -506.000000 -552.000000 -539.000000
2.468399 -4.750373 -72.364410 2.484469 -3.502025 -115.296059 -498.000000 -553.000000 -545.000000
2.069712 -4.572831 -76.104385 2.127796 -3.944477 -77.470695 -498.000000 -553.000000 -548.000000
0.670324 -3.397680 -139.065292 0.155774 -2.179777 -176.570251 -506.000000 -550.000000 -547.000000
-1.247100 -3.135077 47.815018 -2.035273 -2.502833 163.066299 -514.000000 -546.000000 -543.000000
-2.492984 -3.703704 89.905640 -2.816985 -3.593318 115.843285 -524.000000 -544.000000 -532.000000
-1.923992 -4.403273 65.552628 -1.099246 -4.388123 50.689087 -532.000000 -541.000000 -522.000000
-0.637825 -4.937876 10.719456 0.623072 -4.817338 -22.660820 -533.000000 -542.000000 -516.000000
1.893959 -6.776924 -78.662643 3.895683 -7.443809 -132.875443 -531.000000 -544.000000 -515.000000
2.935513 -7.603940 -118.324722 3.992937 -7.638356 -141.767853 -527.000000 -546.000000 -516.000000
3.252778 -7.746921 -124.731209 3.845503 -7.349123 -127.686630 -524.000000 -549.000000 -518.000000
3.076880 -6.921113 -49.853096 3.359207 -5.930304 -3.176070 -523.000000 -550.000000 -518.000000
2.758859 -6.193017 -16.959118 2.957081 -5.274338 3.737579 -524.000000 -549.000000 -519.000000
2.182806 -5.292859 -40.805664 2.222011 -4.276283 -54.898968 -524.000000 -549.000000 -519.000000
1.288641 -4.400142 -86.865692 1.133394 -3.395983 -114.407043 -524.000000 -549.000000 -519.000000
-0.062592 -3.792961 67.053413 -0.495591 -2.970849 161.785156 -524.000000 -549.000000 -521.000000
-1.504977 -1.808731 -10.623459 -2.004716 -0.167025 -57.952511 -521.000000 -546.000000 -525.000000
-2.455379 -1.360964 -60.567272 -2.679910 -0.669703 -90.589218 -515.000000 -546.000000 -528.000000
-4.761976 -2.418119 -125.206497 -5.812468 -2.650687 -163.983749 -515.000000 -546.000000 -524.000000
-5.051887 -3.562683 -102.852394 -4.863431 -3.846793 -88.250664 -515.000000 -546.000000 -521.000000
-4.741206 -4.287441 -74.028870 -4.158738 -4.313138 -55.616135 -521.000000 -546.000000 -516.000000
-4.450077 -4.778833 -44.797104 -3.869594 -4.661905 -26.292486 -524.000000 -546.000000 -513.000000
-4.091782 -5.778771 -6.153671 -3.469988 -5.968298 17.941746 -525.000000 -547.000000 -511.000000
-3.444446 -6.620166 -35.775631 -2.660717 -6.696998 -53.539433 -523.000000 -550.000000 -509.000000
-1.822249 -6.593494 -31.415817 -0.473748 -6.135125 -28.283327 -518.000000 -551.000000 -513.000000
-0.985222 -6.538784 -21.006161 -0.160125 -6.062037 -14.186461 -511.000000 -552.000000 -517.000000
-0.748874 -6.279217 -14.779284 -0.325706 -5.681148 -10.550805 -505.000000 -552.000000 -520.000000
-1.486561 -4.395051 85.601448 -1.665951 -2.829417 147.273636 -504.000000 -548.000000 -523.000000
-1.663600 -5.208250 35.546387 -1.499436 -5.315433 4.962776 -504.000000 -545.000000 -530.000000
-2.459311 -5.200850 27.232883 -2.664351 -4.816036 22.356686 -506.000000 -543.000000 -529.000000
-3.005161 -4.701641 38.578571 -3.032014 -4.034128 45.747818 -511.000000 -540.000000 -531.000000
-3.848349 -4.403595 -39.591019 -4.051636 -3.873679 -87.103394 -512.000000 -538.000000 -532.000000
-4.293678 -4.831137 -35.555183 -4.257396 -4.752980 -32.524166 -511.000000 -537.000000 -533.000000
-4.570618 -4.989142 -35.762581 -4.427029 -4.751917 -35.339901 -512.000000 -536.000000 -534.000000
-5.594583 -4.886571 -33.362961 -5.903192 -4.496984 -31.366985 -513.000000 -535.000000 -531.000000
-5.893821 -5.711839 -6.814178 -5.748096 -5.891530 9.880199 -515.000000 -535.000000 -526.000000
-6.414730 -6.525707 -25.291492 -6.400599 -6.701866 -36.229954 -516.000000 -534.000000 -521.000000
-6.216758 -6.961414 39.780365 -5.764011 -6.905416 79.887169 -516.000000 -534.000000 -515.000000
-5.306273 -6.524939 33.985683 -4.427029 -5.932272 30.517221 -515.000000 -535.000000 -512.000000
-4.546221 -6.480759 32.853512 -3.770441 -6.141757 32.247845 -514.000000 -533.000000 -510.000000
-4.182965 -6.117331 19.390821 -3.650554 -5.619880 11.269531 -515.000000 -526.000000 -511.000000
-3.991770 -5.493073 2.323214 -3.578148 -4.864416 -7.925309 -513.000000 -521.000000 -513.000000
-4.226532 -5.032351 -23.688099 -4.076083 -4.551776 -39.305489 -513.000000 -512.000000 -515.000000
-4.200120 -4.825128 -30.421236 -3.891451 -4.527105 -34.118240 -513.000000 -507.000000 -522.000000
-4.842560 -4.166680 -75.354874 -4.915554 -3.595600 -102.336250 -519.000000 -507.000000 -522.000000
-5.652366 -3.641637 -118.224655 -5.812468 -3.146771 -143.736588 -522.000000 -509.000000 -522.000000
-6.020680 -3.173033 -147.240082 -5.914923 -2.697177 -164.088821 -521.000000 -513.000000 -524.000000
-6.620493 -2.086293 -145.308838 -6.652018 -1.222438 -143.121033 -522.000000 -516.000000 -528.000000
-7.478520 -1.141863 -100.718658 -7.667382 -0.347475 -72.499527 -522.000000 -521.000000 -531.000000
-8.766263 -0.988156 -108.137589 -9.211082 -0.692155 -111.873337 -523.000000 -519.000000 -532.000000
-10.095333 -1.009123 21.887512 -10.552268 -0.846130 102.059998 -525.000000 -514.000000 -532.000000
-11.310465 -1.331879 97.578667 -11.718413 -1.368795 143.958633 -520.000000 -511.000000 -530.000000
-11.187277 -1.433830 117.846619 -10.789768 -1.340527 130.027542 -517.000000 -510.000000 -527.000000
-10.458466 -1.488889 141.258713 -9.689633 -1.353230 155.253952 -518.000000 -513.000000 -525.000000
-9.920372 -1.656585 164.091675 -9.298022 -1.542512 177.614868 -513.000000 -523.000000 -523.000000
-8.984713 -1.452209 -8.778687 -8.134226 -1.034818 -114.798424 -511.000000 -539.000000 -522.000000
-8.159452 -0.850454 -42.451515 -7.373322 -0.179341 -62.682487 -513.000000 -542.000000 -525.000000
-8.296993 -0.062361 -23.502708 -8.109378 0.702778 -11.462529 -512.000000 -539.000000 -525.000000
-8.713724 0.354692 -7.604345 -8.683489 0.882616 2.485269 -515.000000 -538.000000 -526.000000
-8.711676 -0.032812 -32.179924 -8.411643 -0.000000 -46.873840 -518.000000 -538.000000 -525.000000
-8.374173 -0.284075 -52.103905 -7.857296 -0.178016 -63.849434 -521.000000 -536.000000 -524.000000
-7.714547 -0.376358 -55.257408 -6.995472 -0.178926 -56.676895 -523.000000 -535.000000 -524.000000
-6.953445 -0.180912 -22.639767 -6.163581 0.180932 -2.218130 -526.000000 -533.000000 -524.000000
-5.492493 -0.100527 17.848003 -4.291329 0.178638 42.932690 -524.000000 -531.000000 -528.000000
-5.820907 -1.258964 113.191025 -5.730741 -1.733169 171.556702 -522.000000 -532.000000 -528.000000
-7.304940 -1.694914 -51.567993 -7.915893 -1.714871 -152.403717 -523.000000 -534.000000 -525.000000
-8.750456 -1.004994 -16.651337 -9.328321 -0.337713 5.144855 -524.000000 -534.000000 -523.000000
-9.231142 -0.316525 -6.283051 -9.215698 0.339850 0.357360 -524.000000 -533.000000 -522.000000
-9.204712 0.053389 -6.881995 -8.879912 0.510243 -6.976639 -524.000000 -533.000000 -524.000000
-8.978224 -0.229790 -36.169579 -8.543510 -0.170238 -53.766373 -522.000000 -534.000000 -525.000000
-8.450933 -0.336691 -53.496086 -7.845681 -0.170026 -63.651432 -520.000000 -534.000000 -526.000000
-7.686532 -0.586314 -70.451904 -6.960584 -0.508047 -80.287392 -516.000000 -534.000000 -529.000000
-8.083696 -0.889381 -90.769043 -8.086733 -0.839517 -102.574318 -513.000000 -535.000000 -530.000000
-8.316530 -1.005268 -99.047028 -8.228900 -0.836743 -103.413177 -511.000000 -536.000000 -530.000000
-8.115393 -0.838825 -89.540970 -7.753967 -0.504140 -83.024940 -513.000000 -535.000000 -529.000000
-7.629129 -0.768612 -84.733505 -7.086879 -0.504904 -81.135674 -515.000000 -533.000000 -529.000000
-7.515669 -1.045580 -103.373497 -7.190692 -1.000622 -114.112831 -518.000000 -532.000000 -529.000000
-7.377276 -1.254129 -118.669785 -7.025156 -1.167769 -127.284805 -521.000000 -532.000000 -529.000000
-7.216892 -1.434216 -133.325287 -6.839634 -1.331159 -141.491699 -524.000000 -532.000000 -527.000000
-7.148003 -1.911464 -154.850403 -6.819882 -1.990557 -167.150208 -526.000000 -532.000000 -526.000000
-6.518641 -2.098664 -169.704071 -5.846224 -2.000135 -177.836578 -527.000000 -532.000000 -526.000000
-5.892661 -2.184418 43.749374 -5.227556 -2.019930 175.006989 -527.000000 -533.000000 -526.000000
-5.029924 -2.225351 120.940872 -4.244809 -2.034792 168.024048 -523.000000 -533.000000 -527.000000
-4.591083 -2.134963 145.565765 -4.075600 -1.865751 160.207153 -522.000000 -533.000000 -528.000000
-4.293896 -1.985173 150.985336 -3.883345 -1.686633 153.801910 -519.000000 -532.000000 -530.000000
-4.840647 -2.109099 163.131180 -4.957963 -1.979926 170.035355 -517.000000 -532.000000 -531.000000
-5.410898 -2.342439 -44.033844 -5.551280 -2.281046 -171.014893 -515.000000 -532.000000 -532.000000
-6.041230 -2.331675 -124.155022 -6.217181 -2.121794 -172.620438 -515.000000 -532.000000 -531.000000
-6.459511 -2.318346 -154.034988 -6.504683 -2.108537 -171.462097 -515.000000 -532.000000 -531.000000
-6.736050 -2.422402 -167.576950 -6.684730 -2.276224 -174.892838 -517.000000 -534.000000 -532.000000
-7.328325 -2.451720 46.985886 -7.470085 -2.265894 178.929413 -517.000000 -533.000000 -532.000000
-7.128355 -2.383220 -89.105576 -6.780715 -2.143973 -172.185547 -518.000000 -532.000000 -531.000000
-6.674335 -2.365500 -141.265869 -6.159910 -2.159108 -172.482681 -521.000000 -532.000000 -530.000000
-6.801350 -2.557902 -164.963654 -6.635879 -2.481350 -178.572205 -523.000000 -532.000000 -529.000000
-6.839839 -2.725349 48.512131 -6.616815 -2.638987 179.736435 -524.000000 -531.000000 -527.000000
-5.802561 -2.886796 -71.828735 -4.929609 -2.787804 -145.346802 -523.000000 -533.000000 -526.000000
-4.862009 -3.030520 -120.113953 -4.064541 -2.921487 -149.085754 -521.000000 -533.000000 -526.000000
-4.287807 -3.180409 -142.217148 -3.729774 -3.075989 -154.980255 -519.000000 -533.000000 -527.000000
-4.523929 -3.208328 -137.853271 -4.474399 -3.030291 -134.369919 -517.000000 -533.000000 -526.000000
-4.788312 -3.111548 -140.805359 -4.766058 -2.853981 -141.799332 -515.000000 -534.000000 -529.000000
-5.111104 -2.988440 -146.588684 -5.124666 -2.716818 -149.302673 -515.000000 -534.000000 -529.000000
-5.682256 -2.858958 -157.069031 -5.842454 -2.590389 -162.628189 -516.000000 -533.000000 -529.000000
-6.113366 -2.812157 -165.078369 -6.182031 -2.596141 -169.086151 -517.000000 -533.000000 -529.000000
-6.089778 -2.899842 -160.510666 -5.875607 -2.767584 -156.812012 -518.000000 -533.000000 -529.000000
-5.871620 -2.925562 -155.152084 -5.535563 -2.761344 -150.999680 -519.000000 -532.000000 -529.000000
-5.595438 -2.940277 -150.324966 -5.226597 -2.770625 -146.529327 -519.000000 -532.000000 -529.000000
-5.479785 -2.836397 -154.001709 -5.211789 -2.600520 -155.425201 -519.000000 -531.000000 -529.000000
-5.699565 -2.676991 -161.687988 -5.633539 -2.409070 -165.547180 -520.000000 -531.000000 -529.000000
-5.940156 -2.699423 -163.575592 -5.887344 -2.539742 -163.865997 -520.000000 -532.000000 -529.000000
-6.311309 -2.704431 -169.584381 -6.343408 -2.530543 -172.387451 -519.000000 -533.000000 -529.000000
-7.053119 -2.717005 39.224396 -7.325622 -2.539450 167.535461 -516.000000 -535.000000 -529.000000
-7.879961 -2.238419 -84.285843 -8.202227 -1.762522 -159.779358 -516.000000 -535.000000 -528.000000
-8.069929 -1.869108 -119.117844 -7.996205 -1.463614 -139.905762 -517.000000 -535.000000 -528.000000
-8.100189 -1.737874 -132.481461 -7.924757 -1.480834 -140.005920 -518.000000 -535.000000 -528.000000
-7.682508 -1.886457 -147.914566 -7.230270 -1.802185 -156.643143 -519.000000 -535.000000 -528.000000
-7.474377 -2.027347 -158.050873 -7.148730 -1.943859 -163.474045 -520.000000 -534.000000 -529.000000
-7.458675 -2.069852 -161.562897 -7.248181 -1.926976 -162.906082 -521.000000 -534.000000 -528.000000
-7.307000 -2.171099 -166.468445 -7.010354 -2.065188 -168.646698 -522.000000 -534.000000 -529.000000
-6.996375 -2.227510 -169.290848 -6.609868 -2.090244 -170.180832 -521.000000 -535.000000 -529.000000
-6.621966 -2.365069 -170.601120 -6.199556 -2.278397 -170.556564 -521.000000 -535.000000 -530.000000
-6.522181 -2.429933 -171.353043 -6.270660 -2.304397 -170.963287 -521.000000 -534.000000 -531.000000
-6.381448 -2.556478 -169.345840 -6.106905 -2.469563 -167.280197 -521.000000 -534.000000 -530.000000
-6.222029 -2.604476 -167.396942 -5.943050 -2.470307 -165.378204 -520.000000 -534.000000 -531.000000
-6.694240 -2.790807 42.836990 -6.807711 -2.746925 171.949783 -519.000000 -533.000000 -532.000000
-7.352249 -3.258188 87.030563 -7.587858 -3.376518 113.799202 -517.000000 -535.000000 -530.000000
-7.130205 -3.049682 139.672791 -6.826923 -2.754629 171.387955 -517.000000 -535.000000 -530.000000
-6.855906 -2.773476 -54.675766 -6.523108 -2.439417 -173.933411 -517.000000 -535.000000 -530.000000
